image_width: 1440
image_height: 1080
camera_name: narrow_stereo
camera_matrix:
  rows: 3
  cols: 3
  data: [1757.55863,    0.     ,  713.11412,
            0.     , 1755.87965,  571.64603,
            0.     ,    0.     ,    1.     ]
distortion_model: plumb_bob
distortion_coefficients:
  rows: 1
  cols: 5
  data: [-0.058526, 0.088216, -0.001528, 0.000614, 0.000000]
rectification_matrix:
  rows: 3
  cols: 3
  data: [1., 0., 0.,
         0., 1., 0.,
         0., 0., 1.]
projection_matrix:
  rows: 3
  cols: 4
  data: [1743.43933,    0.     ,  713.11232,    0.     ,
            0.     , 1746.10583,  570.59927,    0.     ,
            0.     ,    0.     ,    1.     ,    0.     ]